[63, 54, 37, 37]
[1.2994973012846414, 9.702120033520849, 11.058843505896233, 8.206828923870255]
[54, 37, 44, 55]
[1.1709965257061303, 9.331046848851317, 11.931093421605974, 7.675559225925544]
[75, 45, 34, 49]
[1.4064672443972417, 8.731283227410668, 12.683305754011268, 7.928899950809662]
[67, 48, 34, 59]
[1.025951902621863, 10.28083806237255, 12.027441455425874, 8.30476973920998]
[70, 43, 54, 42]
[1.1142878083824292, 10.406983775448136, 11.056012853877878, 8.458407612901077]
[54, 'NoSolution', 57, 47, 44]
[1.574300812543693, 'Notime', 8.890563503226014, 12.520056394314903, 7.907422094121311]
[78, 38, 43, 60]
[1.0657718937473533, 10.513471187245635, 10.52035808457999, 8.362250780681599]
[71, 44, 42, 53]
[1.336812449099206, 8.746372663068323, 11.525413779576375, 7.999540997093114]
[40, 52, 56, 62]
[1.1774320381222623, 9.455204272576896, 10.344412033192501, 7.223151178142039]
[80, 61, 36, 45]
[1.0716478194927852, 10.177359498891015, 10.78965495998158, 7.525704038081675]
[56, 'NoSolution', 59, 40, 47]
[1.4299231209434908, 'Notime', 9.200482923574125, 11.236295856685144, 8.475487371193275]
[44, 60, 49, 46]
[1.3358803531429675, 10.692335769126384, 12.477895101797614, 7.611768905022807]
[79, 61, 52, 48]
[1.2094827841582598, 10.207365395145782, 11.438384364066627, 8.11423780814944]
[57, 41, 58, 50]
[0.9933289347002834, 9.348606589609345, 10.287447587418708, 7.969768025015018]
[69, 40, 51, 51]
[1.5721522093170774, 9.547589295996255, 10.318611082369623, 8.238414795903804]
[52, 47, 32, 39]
[1.0686071743343737, 10.361272246304978, 12.647376387403261, 8.06554037954012]
[75, 35, 53, 50]
[1.5020497606895085, 10.044111059135522, 10.444762001100344, 7.950380288341869]
[42, 39, 56, 57]
[1.3427298406009807, 10.471939088812878, 11.692482076922618, 7.862639949372916]
[61, 36, 39, 43]
[1.2481306010111868, 10.689855563983564, 11.187771692389116, 8.1997936442989]
[73, 34, 49, 45]
[1.2396084618033862, 8.922076378258899, 12.181611957856713, 8.33637261760532]
[60, 43, 47, 45]
[1.322152660292984, 9.274505440494979, 11.41027163186523, 7.780739112193289]
[60, 40, 44, 61]
[1.3045640925060387, 8.88741065978423, 10.62093739520348, 7.695302865060386]
[73, 39, 50, 53]
[1.3468426127088677, 10.62994717530533, 12.18787025372425, 7.7084326184237355]
[60, 52, 37, 44]
[1.1737665517405604, 10.707438414494668, 11.269330456145195, 8.44232165536067]
['NoSolution', 78, 61, 49, 64]
['Notime', 1.2200018966854418, 9.720691056156799, 11.467227187874762, 8.338069855280445]
[43, 46, 54, 44]
[1.176128439817119, 8.940107715695616, 11.360528823118802, 8.199065935734993]
[58, 34, 'NoSolution', 54, 59]
[1.5120598433480252, 8.925494360621446, 'Notime', 11.331089024957777, 7.04950235831127]
[72, 59, 59, 40]
[1.2070145938910788, 9.684924775819823, 11.230783640738707, 8.064990347819062]
[48, 56, 44, 49]
[1.0451818839280116, 10.18582548626973, 12.108735772467243, 7.490547370412395]
[68, 52, 58, 59]
[1.5822319634246123, 9.969999064929976, 12.807762210535516, 8.48565989103376]
[45, 43, 38, 59]
[1.2922585371554687, 10.511284585309074, 12.117947642892869, 7.566967998067537]
['NoSolution', 41, 50, 55, 60]
['Notime', 1.0790392488555078, 10.00055458011885, 11.953035780022969, 7.115824305185032]
[62, 57, 50, 45]
[1.4468128589815668, 10.502524783094623, 12.402834869415534, 7.571599205856552]
[79, 34, 37, 45]
[1.104730752421491, 9.7722324281859, 11.323462090126538, 7.702780187188213]
[68, 38, 34, 64]
[1.489866213413878, 9.16254592250406, 13.046270846591113, 7.523015902028735]
[54, 40, 'NoSolution', 40, 48]
[1.5907619514762574, 10.502860677713418, 'Notime', 10.902637398661332, 7.280871276341099]
[56, 51, 48, 48]
[1.596023533717199, 8.761092232069505, 11.705691733516288, 8.205145643490983]
[74, 49, 49, 54]
[1.5844643316984242, 10.185176570057429, 13.032250602290265, 8.283062676011616]
[46, 38, 36, 55]
[1.2487080219240565, 8.864943083793934, 10.945425989549518, 7.9424921487874895]
[51, 42, 60, 56]
[1.2635218417940681, 10.072538412201693, 11.380648080106496, 7.6990191343342325]
[61, 35, 40, 38]
[1.10455377098227, 9.122320233570683, 10.745131433682872, 7.672026095868173]
[46, 43, 36, 48]
[1.4069093552800196, 8.803421547745478, 10.616053581485865, 7.979191848282751]
[44, 60, 58, 53]
[1.1033378443370958, 9.634375993978772, 11.278679922355195, 8.342306441523013]
['NoSolution', 79, 62, 56, 57]
['Notime', 1.2486598177651578, 10.620337809215549, 11.975757372795728, 7.9535087805722435]
[44, 49, 35, 39]
[1.358023787449934, 10.054724836362281, 11.410565002724073, 7.471346471226631]
[74, 48, 52, 45]
[1.0489174786817124, 10.122049193628698, 12.53242320688848, 7.271476234423496]
[51, 51, 46, 44]
[1.3661268306216856, 9.923225005090474, 10.228901084097126, 7.8746311545969725]
[40, 36, 32, 49]
[1.180668605860321, 9.762565449338425, 10.788008824311333, 8.493794911843068]
[60, 36, 37, 40]
[1.0878656979272585, 8.915864951558218, 10.73137033736932, 7.350262528063628]
[51, 62, 39, 62]
[1.4461344648742243, 9.734199826034517, 10.267039849782748, 7.573655980795611]
[62, 35, 50, 56]
[0.9680374432110502, 10.655023710153582, 11.821009116062502, 7.683820474001287]
[73, 48, 35, 52]
[1.3375957883684744, 9.570052346776349, 11.722628046613247, 7.827541811855661]
[78, 58, 'NoSolution', 33, 45]
[1.5945713036656113, 9.486086408831408, 'Notime', 11.055363435753607, 7.988939874524441]
[49, 48, 51, 58]
[1.1791836204283872, 10.214911525587654, 12.043869360391561, 7.529132855273269]
[68, 35, 32, 63]
[1.08108663210976, 9.514170561467859, 12.387325369361447, 7.51566519532949]
[45, 45, 43, 50]
[1.357796488226412, 10.345410219438651, 10.178809934490564, 7.43046282510203]
[55, 62, 45, 45]
[1.4586475174951155, 8.796352153883294, 11.42587952055639, 7.502983337743473]
[46, 'NoSolution', 57, 40, 39]
[1.113844794971122, 'Notime', 8.706226300520237, 12.994490363889488, 7.605130809743397]
[49, 46, 56, 60]
[1.2928200254579056, 9.563739967804866, 13.029951221227046, 8.444667637937275]
[50, 37, 43, 46]
[1.5889312163608154, 9.081502849036307, 11.89477853314315, 7.32231794929403]
['NoSolution', 53, 36, 36, 50]
['Notime', 1.026001835521252, 8.88732744451126, 11.069314391757898, 8.126886732940648]
['NoSolution', 72, 39, 41, 55]
['Notime', 1.125211754556907, 10.549169197089176, 11.202014244671691, 7.096804924457895]
[55, 40, 49, 53]
[1.0677408824576, 10.300322949384382, 12.265780791258596, 7.034260097606783]
[47, 58, 45, 59]
[0.9728971067534381, 10.508281732502924, 10.99846496426825, 7.374251593604689]
[51, 61, 58, 51]
[1.4094478005368773, 9.062625191025658, 11.52659405286418, 7.29282432732116]
[54, 49, 37, 57]
[1.1748569655153809, 9.164683879092829, 12.523978468520534, 7.176731403077278]
[71, 56, 51, 61]
[1.0752137648526225, 9.46701566661379, 10.656469626368722, 7.137021022890234]
[48, 55, 56, 64]
[1.1515447511315684, 9.086078782421124, 11.600827365820413, 7.24784171786087]
[53, 40, 33, 60]
[1.5936093005091903, 9.360858018162109, 11.01160427414612, 8.184294129475628]
[78, 39, 'NoSolution', 35, 43]
[1.2269145168823274, 9.46699272770117, 'Notime', 10.829571608447909, 7.965247952004767]
[76, 40, 39, 41]
[1.0970106807201647, 9.441445002418993, 12.07919472946138, 7.8350488141626675]
[41, 35, 35, 64]
[1.0632446035071579, 9.58086913910323, 11.509001278207762, 7.427101354261893]
[54, 59, 58, 48]
[0.978676277877691, 9.034926629090526, 10.657653317455688, 8.105535873801479]
[43, 49, 55, 49]
[0.9890997568444934, 9.344318620165929, 10.661504288955783, 8.131495024828483]
[49, 42, 36, 62]
[1.3569558916345137, 9.990664409352267, 10.856792182312788, 8.410274142158663]
['NoSolution', 51, 62, 33, 65]
['Notime', 1.4086963752417112, 8.73937818077785, 11.278537037893926, 7.182021771139964]
[41, 47, 38, 41]
[1.3774880550135578, 10.097662401012993, 10.711597893725479, 7.194422419855016]
[68, 43, 'NoSolution', 53, 65]
[1.5990730585284703, 9.877976378693104, 'Notime', 11.44993708879394, 8.436086840688837]
[54, 47, 53, 'NoSolution', 44]
[1.1811316901776072, 9.44864176135906, 11.625873911011986, 'Notime', 7.74474876563903]
[72, 37, 51, 62]
[1.4695573550912355, 9.30800199016251, 12.280328814833721, 7.687966481813151]
[74, 40, 58, 50]
[1.547755109996493, 9.436470328322436, 12.20425321242271, 7.692116393705675]
['NoSolution', 47, 51, 36, 63]
['Notime', 1.4181911872687596, 9.747141591531832, 11.023256507212102, 7.620066939550555]
[70, 47, 46, 41]
[1.2093750120829716, 9.16688955756769, 12.384892581686021, 7.715974481410344]
[75, 41, 54, 44]
[1.1781103329162168, 9.695392562885859, 11.189866247748634, 7.6951806894349355]
[66, 62, 38, 60]
[1.2216848007716374, 10.273467810803325, 11.231249538544219, 7.554955459687891]
[57, 58, 34, 61]
[1.489230144716958, 9.805017836271224, 10.867958304202748, 8.42058094654973]
[67, 48, 47, 59]
[1.298206794085118, 10.298241853721626, 10.643288152542917, 7.697320547399631]
[78, 47, 'NoSolution', 49, 49]
[1.1140761247454791, 9.083312034939741, 'Notime', 12.849606105116791, 7.6840501727654695]
[44, 53, 45, 64]
[1.6010552591573264, 9.970449812876048, 11.123760859360987, 8.145715145600096]
[74, 47, 49, 45]
[1.3178845858684332, 9.60892857963289, 12.55126792910265, 7.978096899495922]
[53, 44, 37, 60]
[1.284909837393228, 10.680081011335787, 12.787402078870763, 7.070161491348261]
[48, 55, 'NoSolution', 59, 43]
[1.2120344394939468, 9.906765553540284, 'Notime', 12.47767982634426, 7.975167124397202]
[59, 54, 38, 62]
[1.606105359402668, 8.70245223749269, 13.087712005194284, 8.03794926799489]
[62, 54, 32, 63]
[1.4541448617072206, 10.141151775683607, 12.071976581674882, 7.064542576019131]
[48, 58, 56, 61]
[1.0686853205248237, 10.624817425186023, 12.210079025352591, 7.501053205269217]
[41, 53, 38, 56]
[1.5828632795295834, 8.703030041813054, 10.599510673474056, 7.6793050777276175]
[44, 54, 60, 37]
[1.0730271442850248, 10.063676595580878, 11.179600663287678, 7.2088995749719995]
[73, 41, 57, 48]
[1.1674129715751458, 9.008067791979556, 11.633290551497648, 7.472670532108089]
[62, 36, 39, 56]
[1.1733308415824677, 10.011014285482197, 12.639533323985043, 7.150525202995951]
[54, 59, 45, 43]
[1.2619427650858281, 9.832267241553678, 11.80219409687108, 8.24285550907996]
